$ANSIBLE_VAULT;1.1;AES256
30643932366132323339646361643639613037393766386537646535666331613662313862353837
6262343837663561323337313737626463386166386130390a313262326239336666633139356361
61633030316237613336636334376632366531333732666231333432383632366163363933363933
6639376139373265390a613066623863363862303733333836383765363534363035646233316635
66636238346134633662636635303733323833366162376237326263353661613637376161383837
65653062343431356562366639323230663036336137366133376333333934643937663363373736
63323165663863636638303630316530326661306430393461313236633161646666633737643230
61316664306239316665643266393937656633393465373838633063633036646237323434633039
33396363383265376137363664343531666339616634333563396664653261323132643839313032
39333939633235653431666264313565656531303936666661646563393365313538636433303934
39383462653466623864626335373639373661653235363464666234653834613133323730326666
63386233373938386336323834316234643639393461383339376534303930373366343034666362
31636431333139333062633036303139323364663262306363646635303131333633653736323534
30346564316133663466323632646562366665633361386330313164643463306163643836333538
33383164336361373436623335356463653463646138333665313230393866623563633439373832
62663162376430373630306361313139373734663134386432663230633931333937373636353163
32626439633831356234626335356133383733316263643932376333623965333030316265353433
33303234623062343164346634393438363036303531306338343265326636356565656136633863
61373539646462653732656564396563633338353435616266613031323036393533303333323863
35653036333632316565653239396262663264326432326566396261303365653631306262356164
62636335366134363130396633633035363236396133636132663432396534633364643536643338
61346666323636306263383139646233383962393034313532366331373465363930333239636164
63363661303931373466623830313063633837376135383131663537386433633266663436353737
61623764383365623036366534373536376138626438646534366562356262646264393661346237
37346230353635396366626565653938376232613736613463343166663139376165646232346563
30333062376438356266393339633962333463626333636564383038353330363261313837323332
36636662373233616366303562313033363535613534313366333134663263306263353062616532
32326339316233613263646136396364313833333833663336626161343861346562613537306635
33366136393733353364613364303235316463633233356533316133336130343661343034643164
62396164396462333434633062663765356635623662373163626163353062376562636133303964
39303664343533363839643965353462633538666435663533383031343962636364303539613938
63623235353063653432656239656130396233373938343263336230623835396463616234306236
65313038326463613862313764646333643035356665626635303138303331376338666165333431
37343538623461646231396261333438623061666463343731653639653439363830633236353036
32363461303133633232653161636331633636393535316538313437346266633362363334333635
66393633653437333535323234616131613937646537366333323632376561386435666134306335
37633466386632336639626538316466346335623133353636303130383464343836396130656535
61343934333534663665326334336665373630613137646635336266343532363465323131306535
39303332326361383761616431313436643337633062663337366132613939323764323831633962
64343933613036623030336236316462643832346564613766356562636334373430376436386533
61303232646232303139373065373931376434616563633362666532646463396334643337373237
35663836663635346639613161613936653334353465643532326236373832633638653234313433
34386265386438333637666239653164613839323865646130303261393663356163636362316464
30666534386231323065633735343761323237666365386339386366303661626161356565643262
37366635656263623465636639393861633664313733313039636431343039386339623431623831
63383861383133316230346338633962313164663030636532636666383265626464313139666331
39343361306432303962303832303462653135346430373337363137333764313730383735613932
61373765666236396432303537653837373333626434643366666430313565623033663163626535
30353336306664306461623531633534663562626238376666653231303565653566333533333830
31316365383533613664393532383832336231643365353530373132646335353334616161373135
35656361353461383963323339633766313865666435346636663834363933613164336163316332
30613665616533313163653866343732303462386564343831643338353261646332313832623166
66353762636233343364383464343039666265663234393730356564633234656236626232656435
61326566613561313430373461333133303637393030613030633539383162663762613366633263
30643563313661393339653231313965353832663038616631363337626163643130633031663262
35363061643439383435356533393133326333613232376164343261363363656432363665313432
30376437393864303866333762613332363030626261323833376135393930323838386162313264
31376333353539336365316361363435383366353663633339646233656366343930313263643639
64646637626334383239336535616633353535323938643236623532633561346535323432323061
61383033356633656636313135643933303561356361653535653863666631356239353033376262
39316538353933346235366163613233373734306334643539323330323436323737383437306666
30313464363461306237343733623138363961303062323439373038613163356332623439316634
65646335316131656537333264653130393136383134323133363530303663336637373332396665
65626537636633396163343463336361373762346236346266333930623136366335383838613236
34386133626264663635626136306432386332656461346664626631613566656364353264353734
35306130623165653830643931663730643236336165306531636531323732356634663937353939
64316434383663633264313330656631633763323963323730313331663038646633383362643937
36373439393466346465383064663461393265326562653732613635633833383236623261323664
39383061396566373464356238653631343661613064653762336164363066656362366237363065
64356236313066393336663865613263616663316534636538653563393965656562643034663933
30643230363661653362363064343232356532663331356138643436346365343935396262306166
30343735346535356332326530326336396664643430646431343664336265653065393433343930
65356235636235326334343261643038393566303936636634343535333163303130646539323233
31626561303433343031386362306637386134373662653666636131353030663436373233363231
63663664633663373564643263333138356530396162333364323739366666616434326436333066
64646130663066653436393037383264616431313265376238366331306664646235656133383562
63386339643631636137373932306131646362393961353339626164393638306566666339326162
66336237636461313066656538373731633937323037643434666461333566626338663335623333
65303166366432316338633032396536663266633535386561613639646663616564303131646663
36616665653234653765343235346665633939313031656131393164636130343133643036373364
38363733346335333162633133313431356636303635633832313430636134376634366133633936
30613133613035373830646538333237303939666161303532313561366462393666356234663462
62346432653330353931303234383333376337346532303731303839353237663063333339303030
34343064343138663862313539303033663131633138346564623933376663353361313636663964
33613435323431353533303436626266616537326333386533636235343036313433303534653530
33613661316331656638666635333866376539306337613366656461383862633232353631613462
61343036643332623763353261636665336638656463396163366665396563373265373765393463
35316332353635323866
